project	period	load_point_fraction	average_heat_rate_mmbtu_per_mwh
Coal	2020	0.4	1250.0
Coal	2020	1.0	506.0
Coal	20301	0.4	1250.0
Coal	20301	1.0	506.0
Coal	20302	0.4	1250.0
Coal	20302	1.0	506.0
Coal	20401	0.4	1250.0
Coal	20401	1.0	506.0
Coal	20402	0.4	1250.0
Coal	20402	1.0	506.0
Coal	20403	0.4	1250.0
Coal	20403	1.0	506.0
Coal	20404	0.4	1250.0
Coal	20404	1.0	506.0
Coal_z2	2020	0.4	1250.0
Coal_z2	2020	1.0	506.0
Coal_z2	20301	0.4	1250.0
Coal_z2	20301	1.0	506.0
Coal_z2	20302	0.4	1250.0
Coal_z2	20302	1.0	506.0
Coal_z2	20401	0.4	1250.0
Coal_z2	20401	1.0	506.0
Coal_z2	20402	0.4	1250.0
Coal_z2	20402	1.0	506.0
Coal_z2	20403	0.4	1250.0
Coal_z2	20403	1.0	506.0
Coal_z2	20404	0.4	1250.0
Coal_z2	20404	1.0	506.0
Gas_CCGT	2020	0.5	506.0
Gas_CCGT	2020	1.0	256.0
Gas_CCGT	20301	0.5	506.0
Gas_CCGT	20301	1.0	256.0
Gas_CCGT	20302	0.5	506.0
Gas_CCGT	20302	1.0	256.0
Gas_CCGT	20401	0.5	506.0
Gas_CCGT	20401	1.0	256.0
Gas_CCGT	20402	0.5	506.0
Gas_CCGT	20402	1.0	256.0
Gas_CCGT	20403	0.5	506.0
Gas_CCGT	20403	1.0	256.0
Gas_CCGT	20404	0.5	506.0
Gas_CCGT	20404	1.0	256.0
Gas_CCGT_new	2020	0.5	506.0
Gas_CCGT_new	2020	1.0	256.0
Gas_CCGT_new	20301	0.5	506.0
Gas_CCGT_new	20301	1.0	256.0
Gas_CCGT_new	20302	0.5	506.0
Gas_CCGT_new	20302	1.0	256.0
Gas_CCGT_new	20401	0.5	506.0
Gas_CCGT_new	20401	1.0	256.0
Gas_CCGT_new	20402	0.5	506.0
Gas_CCGT_new	20402	1.0	256.0
Gas_CCGT_new	20403	0.5	506.0
Gas_CCGT_new	20403	1.0	256.0
Gas_CCGT_new	20404	0.5	506.0
Gas_CCGT_new	20404	1.0	256.0
Gas_CCGT_z2	2020	0.5	506.0
Gas_CCGT_z2	2020	1.0	256.0
Gas_CCGT_z2	20301	0.5	506.0
Gas_CCGT_z2	20301	1.0	256.0
Gas_CCGT_z2	20302	0.5	506.0
Gas_CCGT_z2	20302	1.0	256.0
Gas_CCGT_z2	20401	0.5	506.0
Gas_CCGT_z2	20401	1.0	256.0
Gas_CCGT_z2	20402	0.5	506.0
Gas_CCGT_z2	20402	1.0	256.0
Gas_CCGT_z2	20403	0.5	506.0
Gas_CCGT_z2	20403	1.0	256.0
Gas_CCGT_z2	20404	0.5	506.0
Gas_CCGT_z2	20404	1.0	256.0
Gas_CT	2020	0.4	208.33333
Gas_CT	2020	1.0	88.13333
Gas_CT	20301	0.4	208.33333
Gas_CT	20301	1.0	88.13333
Gas_CT	20302	0.4	208.33333
Gas_CT	20302	1.0	88.13333
Gas_CT	20401	0.4	208.33333
Gas_CT	20401	1.0	88.13333
Gas_CT	20402	0.4	208.33333
Gas_CT	20402	1.0	88.13333
Gas_CT	20403	0.4	208.33333
Gas_CT	20403	1.0	88.13333
Gas_CT	20404	0.4	208.33333
Gas_CT	20404	1.0	88.13333
Gas_CT_new	2020	0.4	208.33333
Gas_CT_new	2020	1.0	88.13333
Gas_CT_new	20301	0.4	208.33333
Gas_CT_new	20301	1.0	88.13333
Gas_CT_new	20302	0.4	208.33333
Gas_CT_new	20302	1.0	88.13333
Gas_CT_new	20401	0.4	208.33333
Gas_CT_new	20401	1.0	88.13333
Gas_CT_new	20402	0.4	208.33333
Gas_CT_new	20402	1.0	88.13333
Gas_CT_new	20403	0.4	208.33333
Gas_CT_new	20403	1.0	88.13333
Gas_CT_new	20404	0.4	208.33333
Gas_CT_new	20404	1.0	88.13333
Gas_CT_z2	2020	0.4	208.33333
Gas_CT_z2	2020	1.0	88.13333
Gas_CT_z2	20301	0.4	208.33333
Gas_CT_z2	20301	1.0	88.13333
Gas_CT_z2	20302	0.4	208.33333
Gas_CT_z2	20302	1.0	88.13333
Gas_CT_z2	20401	0.4	208.33333
Gas_CT_z2	20401	1.0	88.13333
Gas_CT_z2	20402	0.4	208.33333
Gas_CT_z2	20402	1.0	88.13333
Gas_CT_z2	20403	0.4	208.33333
Gas_CT_z2	20403	1.0	88.13333
Gas_CT_z2	20404	0.4	208.33333
Gas_CT_z2	20404	1.0	88.13333
Nuclear	2020	1.0	1666.67
Nuclear	20301	1.0	1666.67
Nuclear	20302	1.0	1666.67
Nuclear	20401	1.0	1666.67
Nuclear	20402	1.0	1666.67
Nuclear	20403	1.0	1666.67
Nuclear	20404	1.0	1666.67
Nuclear_z2	2020	1.0	1666.67
Nuclear_z2	20301	1.0	1666.67
Nuclear_z2	20302	1.0	1666.67
Nuclear_z2	20401	1.0	1666.67
Nuclear_z2	20402	1.0	1666.67
Nuclear_z2	20403	1.0	1666.67
Nuclear_z2	20404	1.0	1666.67
